[gd_scene load_steps=18 format=3 uid="uid://bxuani1547iis"]

[ext_resource type="PackedScene" uid="uid://cirtd87bgt8r7" path="res://Models/character-l.fbx" id="1_m4rhk"]
[ext_resource type="Script" uid="uid://bjvpq7v24ak61" path="res://Scripts/zombie.gd" id="2_7toqp"]
[ext_resource type="PackedScene" uid="uid://cxakgkyja58j3" path="res://Player/healthbar.tscn" id="3_5xe6q"]

[sub_resource type="AnimationNodeAnimation" id="AnimationNodeAnimation_asmuy"]
animation = &"idle"

[sub_resource type="AnimationNodeAnimation" id="AnimationNodeAnimation_k4t3d"]
animation = &"walk"

[sub_resource type="AnimationNodeAnimation" id="AnimationNodeAnimation_vv27w"]
animation = &"sprint"

[sub_resource type="AnimationNodeBlendSpace2D" id="AnimationNodeBlendSpace2D_6prr3"]
blend_point_0/node = SubResource("AnimationNodeAnimation_asmuy")
blend_point_0/pos = Vector2(0, 0)
blend_point_1/node = SubResource("AnimationNodeAnimation_k4t3d")
blend_point_1/pos = Vector2(1, 0)
blend_point_2/node = SubResource("AnimationNodeAnimation_vv27w")
blend_point_2/pos = Vector2(0, 1)

[sub_resource type="AnimationNodeAnimation" id="AnimationNodeAnimation_eq8ey"]
animation = &"attack-melee-right"

[sub_resource type="AnimationNodeAnimation" id="AnimationNodeAnimation_matev"]
animation = &"die"

[sub_resource type="AnimationNodeStateMachineTransition" id="AnimationNodeStateMachineTransition_matev"]

[sub_resource type="AnimationNodeStateMachineTransition" id="AnimationNodeStateMachineTransition_asmuy"]
switch_mode = 2
advance_mode = 2

[sub_resource type="AnimationNodeStateMachineTransition" id="AnimationNodeStateMachineTransition_k4t3d"]
advance_mode = 2

[sub_resource type="AnimationNodeStateMachineTransition" id="AnimationNodeStateMachineTransition_vv27w"]
xfade_time = 0.2

[sub_resource type="AnimationNodeStateMachine" id="AnimationNodeStateMachine_eq8ey"]
states/End/position = Vector2(952, 73)
states/Movement/node = SubResource("AnimationNodeBlendSpace2D_6prr3")
states/Movement/position = Vector2(430, 73)
states/Start/position = Vector2(187, 68)
states/attack/node = SubResource("AnimationNodeAnimation_eq8ey")
states/attack/position = Vector2(691, 73)
states/die/node = SubResource("AnimationNodeAnimation_matev")
states/die/position = Vector2(584, 200)
transitions = ["Movement", "attack", SubResource("AnimationNodeStateMachineTransition_matev"), "attack", "Movement", SubResource("AnimationNodeStateMachineTransition_asmuy"), "Start", "Movement", SubResource("AnimationNodeStateMachineTransition_k4t3d"), "Movement", "die", SubResource("AnimationNodeStateMachineTransition_vv27w")]

[sub_resource type="BoxShape3D" id="BoxShape3D_nckgq"]
size = Vector3(1.5825195, 2.8467865, 1)

[sub_resource type="SphereShape3D" id="SphereShape3D_b2mwl"]
radius = 8.0

[sub_resource type="ViewportTexture" id="ViewportTexture_nvmcy"]
viewport_path = NodePath("SubViewport")

[node name="character-l" instance=ExtResource("1_m4rhk")]
script = ExtResource("2_7toqp")

[node name="torso" parent="character-l/root" index="2"]
transform = Transform3D(1, 0, 0, 0, 0.99941367, -0.034239102, 0, 0.034239102, 0.99941367, 0, 0.7, 0)

[node name="arm-left" parent="character-l/root/torso" index="0"]
transform = Transform3D(1, 0, 0, 0, 0.9947271, -0.10255675, 0, 0.10255675, 0.9947271, 0.39999986, 1.1, -0.099999905)

[node name="arm-right" parent="character-l/root/torso" index="1"]
transform = Transform3D(1, 0, 0, 0, 0.9947271, -0.10255675, 0, 0.10255675, 0.9947271, -0.4000001, 1.1, -0.099999905)

[node name="head" parent="character-l/root/torso" index="2"]
transform = Transform3D(0.09947272, 0, -0.010255676, 0, 0.10000001, 0, 0.010255675, 0, 0.09947273, 0, 1.2, 0)

[node name="AnimationTree" type="AnimationTree" parent="." index="2"]
tree_root = SubResource("AnimationNodeStateMachine_eq8ey")
anim_player = NodePath("../AnimationPlayer")
parameters/Movement/blend_position = Vector2(-0.362916, 0.42600894)

[node name="CollisionShape3D" type="CollisionShape3D" parent="." index="3"]
transform = Transform3D(1, 0, 0, 0, 1, 0, 0, 0, 1, 0.125, 1.4298893, 0)
shape = SubResource("BoxShape3D_nckgq")

[node name="NavigationAgent3D" type="NavigationAgent3D" parent="." index="4"]
path_desired_distance = 0.1
target_desired_distance = 0.1
debug_enabled = true
debug_path_custom_color = Color(1, 0.015686275, 0.011764706, 1)

[node name="DetectorJugador" type="Area3D" parent="." index="5"]
collision_layer = 6

[node name="CollisionShape3D" type="CollisionShape3D" parent="DetectorJugador" index="0"]
shape = SubResource("SphereShape3D_b2mwl")

[node name="Health" type="Node3D" parent="." index="6"]
transform = Transform3D(0.86958975, 0, 0.49377495, 0, 1, 0, -0.49377495, 0, 0.86958975, 0.19753301, 2.8101664, 0.04342997)

[node name="Sprite3D" parent="Health" index="0" instance=ExtResource("3_5xe6q")]
transform = Transform3D(0.51190794, 0, -0.85904044, 0, 1, 0, 0.85904044, 0, 0.51190794, -0.07585975, 0.22703838, -0.09301813)
texture = SubResource("ViewportTexture_nvmcy")
