[gd_scene load_steps=12 format=3 uid="uid://dkep3cjgp021n"]

[ext_resource type="PackedScene" uid="uid://drm6glaqberfb" path="res://Models/character-a.glb" id="1_kpjcp"]
[ext_resource type="Script" uid="uid://b2hnfwhy3u0eg" path="res://Player/player.gd" id="2_kne1u"]

[sub_resource type="CapsuleShape3D" id="CapsuleShape3D_e80uo"]
height = 2.7231445

[sub_resource type="AnimationNodeAnimation" id="AnimationNodeAnimation_cxr5p"]
animation = &"sprint"

[sub_resource type="AnimationNodeAnimation" id="AnimationNodeAnimation_tdg3f"]
animation = &"idle"

[sub_resource type="AnimationNodeAnimation" id="AnimationNodeAnimation_dtqjt"]
animation = &"walk"

[sub_resource type="AnimationNodeBlendSpace2D" id="AnimationNodeBlendSpace2D_5ncpa"]
blend_point_0/node = SubResource("AnimationNodeAnimation_cxr5p")
blend_point_0/pos = Vector2(-0.2, 1)
blend_point_1/node = SubResource("AnimationNodeAnimation_tdg3f")
blend_point_1/pos = Vector2(0.2, 1)
blend_point_2/node = SubResource("AnimationNodeAnimation_dtqjt")
blend_point_2/pos = Vector2(0, -0.90000004)

[sub_resource type="AnimationNodeAnimation" id="AnimationNodeAnimation_wi0c6"]
animation = &"attack-melee-left"

[sub_resource type="AnimationNodeStateMachineTransition" id="AnimationNodeStateMachineTransition_hp6x6"]
switch_mode = 2

[sub_resource type="AnimationNodeStateMachineTransition" id="AnimationNodeStateMachineTransition_3tkgg"]
advance_condition = &"attack"

[sub_resource type="AnimationNodeStateMachine" id="AnimationNodeStateMachine_l6ohk"]
states/ReposoCaminarCorrer/node = SubResource("AnimationNodeBlendSpace2D_5ncpa")
states/ReposoCaminarCorrer/position = Vector2(434, 115)
states/Start/position = Vector2(176, 115)
states/attack/node = SubResource("AnimationNodeAnimation_wi0c6")
states/attack/position = Vector2(445, 208)
transitions = ["Start", "ReposoCaminarCorrer", SubResource("AnimationNodeStateMachineTransition_hp6x6"), "ReposoCaminarCorrer", "attack", SubResource("AnimationNodeStateMachineTransition_3tkgg")]

[node name="character-a2" instance=ExtResource("1_kpjcp")]
script = ExtResource("2_kne1u")

[node name="root" parent="character-a" index="0"]
transform = Transform3D(1, 0, 0, 0, 1, 0, 0, 0, 1, 0, 0.013397304, 0)

[node name="leg-left" parent="character-a/root" index="0"]
transform = Transform3D(1, 0, 0, 0, 0.9620543, -0.272858, 0, 0.272858, 0.9620543, 0.2, 1, 2.0348877e-14)

[node name="leg-right" parent="character-a/root" index="1"]
transform = Transform3D(1, 0, 0, 0, 0.9620543, 0.272858, 0, -0.272858, 0.9620543, -0.2, 1, 2.183782e-14)

[node name="arm-left" parent="character-a/root/torso" index="0"]
transform = Transform3D(1, 0, 0, 0, 0.9685716, 0.24873482, 0, -0.24873482, 0.9685716, 0.39999986, 1.1, -0.099999994)

[node name="arm-right" parent="character-a/root/torso" index="1"]
transform = Transform3D(1, 0, 0, 0, 0.9685716, -0.24873482, 0, 0.24873482, 0.9685716, -0.4000001, 1.1, -0.099999994)

[node name="head" parent="character-a/root/torso" index="2"]
transform = Transform3D(0.099831186, 0, 0.0058082556, 0, 0.1, 0, -0.0058082556, 0, 0.099831186, 0, 1.2, 0)

[node name="CollisionShape3D" type="CollisionShape3D" parent="." index="2"]
transform = Transform3D(1, 0, 0, 0, 1, 0, 0, 0, 1, 0, 1.3753668, 0)
shape = SubResource("CapsuleShape3D_e80uo")

[node name="AnimationTree" type="AnimationTree" parent="." index="3"]
tree_root = SubResource("AnimationNodeStateMachine_l6ohk")
anim_player = NodePath("../AnimationPlayer")
parameters/conditions/attack = false
parameters/ReposoCaminarCorrer/blend_position = Vector2(-0.022328556, -1.6816144)
